Run semi-empirical minimization
 &qmmm
    qm_theory='AM1', grms_tol=0.0005,
 scfconv=1.d-10, ndiis_attempts=700,   qmcharge=1,
 /
   6   C01        2.1910        0.9920        4.7010 
   1  H011        2.6310        0.3700        5.4800 
   1  H012        2.4410        2.0370        4.8860 
   1  H013        2.5840        0.6910        3.7300 
   7   N02        0.7440        0.8300        4.7100 
   6   C03        0.2440        1.2110        6.0020 
   1  H031        0.6820        0.5680        6.7650 
   1  H032       -0.8410        1.1060        6.0170 
   1  H033        0.5120        2.2480        6.2040 
   6   C04        0.3540       -0.6130        4.4230 
   1  H041        0.7660       -1.2610        5.1960 
   1  H042        0.7490       -0.9100        3.4510 
   1  H043       -0.7320       -0.7010        4.4160 
   6   C05        0.1890        1.6560        3.6790 
   1  H051        0.7150        1.4190        2.7540 
   1  H052        0.3840        2.6930        3.9530 
   6   C06       -1.2740        1.5350        3.4030 
   6   C07       -2.5300        1.4780        3.1560 
   6   C08       -4.0740        1.4450        2.9760 
   1  H081       -4.4200        2.4770        2.9240 
   1  H082       -4.4970        0.9640        3.8580 
   8   O09       -4.5850        0.7580        1.8210 
   6   C10       -4.1110       -0.4800        1.4870 
   7   N11       -3.5190       -1.3810        2.3910 
   8   O12       -3.1820       -2.5090        1.6960 
   6   C13       -3.8160       -2.4350        0.4140 
   1  H131       -4.7180       -3.0470        0.4030 
   1  H132       -3.1350       -2.7770       -0.3650 
   6   C14       -4.1530       -1.0400        0.2090 
   1  H141       -3.4260       -0.5600       -0.4460 
   1  H142       -5.1500       -0.9430       -0.2220 

